 C    47.933000     0.155000     7.682000
 C    47.679000    -1.299000     7.291000
 O    47.588000    -1.263000     5.826000
 C    47.333000     0.060000     5.396000
 C    47.151000     0.930000     6.632000
 C    46.407000    -1.923000     7.820000
 O    45.411000    -0.887000     8.009000
 P    44.359000    -1.082000     9.190000
 O    43.146000    -0.276000     8.909000
 N    46.141000     0.026000     4.506000
 C    44.874000    -0.018000     5.033000
 C    43.790000    -0.043000     4.233000
 C    43.932000    -0.035000     2.797000
 N    45.235000     0.007000     2.358000
 C    46.369000     0.041000     3.145000
 O    47.487000     0.080000     2.664000
 O    42.993000    -0.061000     1.993000
 C    42.387000    -0.097000     4.756000
 O    49.312000     0.504000     7.592000
 O    44.006000    -2.637000     9.039000
 C    42.840000    -2.966000     8.290000
 C    42.840000    -4.422000     7.830000
 O    43.710000    -4.389000     6.648000
 C    43.722000    -3.085000     6.098000
 C    42.853000    -2.197000     6.979000
 C    41.507000    -4.991000     7.401000
 O    40.618000    -3.879999     7.076000
 P    39.120000    -3.984999     7.610000
 O    38.241000    -3.119999     6.786000
 N    43.248000    -3.181000     4.691000
 C    41.960000    -3.256000     4.234000
 N    41.871999    -3.337000     2.940000
 C    43.188000    -3.298000     2.515000
 C    44.044000    -3.211000     3.573000
 N    45.389000    -3.157000     3.537000
 C    45.812999    -3.205000     2.292999
 N    45.113999    -3.298000     1.165000
 C    43.775999    -3.348000     1.234000
 N    43.058999    -3.440000     0.102000
 O    38.805999    -5.519999     7.291000
 C    38.305999    -5.830999     5.993000
 C    38.513999    -7.299999     5.630001
 O    39.937999    -7.318000     5.276000
 C    40.312999    -6.055000     4.760000
 C    39.138999    -5.102999     4.950000
 C    37.738999    -7.811999     4.438001
 O    37.190999    -6.670999     3.706001
 P    35.624999    -6.718998     3.412001
 O    35.325999    -5.909998     2.205001
 N    40.707999    -6.243000     3.339000
 C    42.000999    -6.343001     2.875000
 C    41.913999    -6.508000     1.504000
 N    40.576999    -6.514000     1.103000
 C    39.910999    -6.357000     2.219000
 C    43.096999    -6.642001     0.741000
 N    44.241999    -6.576001     1.554000
 C    44.233999    -6.399001     2.922000
 N    43.120999    -6.280001     3.642000
 N    45.429999    -6.358001     3.518000
 O    43.222999    -6.796001    -0.473000
 O    35.454998    -8.269998     3.075001
 C    35.809998    -8.723999     1.771001
 C    36.172997   -10.206999     1.755001
 O    37.514997   -10.165999     2.351001
 C    38.154998    -8.966000     1.963001
 C    37.104998    -8.052999     1.344001
 C    36.299997   -10.852999     0.394001
 O    36.249997    -9.817999    -0.633999
 P    35.047997    -9.914998    -1.675999
 O    35.459997    -9.301999    -2.962999
 N    39.262997    -9.322001     1.036001
 C    39.030997    -9.560001    -0.279999
 C    40.043997    -9.882001    -1.131999
 C    41.354997    -9.967002    -0.566999
 N    41.572997    -9.728002     0.732001
 C    40.549997    -9.407001     1.561001
 O    40.720997    -9.180001     2.765001
 N    42.388997   -10.281002    -1.331999
 O    34.948996   -11.497998    -1.844998
 C    35.911995   -12.183999    -2.639999
 C    36.130994   -13.620999    -2.168999
 O    36.959995   -13.402000    -0.979999
 C    37.774995   -12.264000    -1.183999
 C    37.276995   -11.548000    -2.431999
 C    36.898994   -14.524999    -3.105999
 O    37.504994   -13.720000    -4.158999
 P    37.073993   -14.059999    -5.655999
 O    38.191993   -13.736000    -6.575999
 N    39.184995   -12.728001    -1.280999
 C    39.700995   -13.177001    -2.453999
 C    40.991994   -13.597002    -2.546000
 C    41.769994   -13.553003    -1.346000
 N    41.252995   -13.106002    -0.194999
 C    39.963995   -12.690001    -0.126999
 O    39.458996   -12.272001     0.923001
 N    43.031994   -13.952004    -1.356000
 O    36.904993   -15.641999    -5.555999
 C    38.050992   -16.489000    -5.583999
 C    37.837992   -17.776000    -4.790999
 O    38.030992   -17.329000    -3.416999
 C    38.903993   -16.216000    -3.394999
 C    39.189993   -15.814000    -4.835000
 C    38.806991   -18.903000    -5.067999
 O    39.983991   -18.362001    -5.730000
 P    40.486991   -19.112001    -7.044000
 O    41.961991   -19.000001    -7.141000
 N    40.118993   -16.608001    -2.629000
 C    40.321993   -16.388001    -1.286000
 C    41.570993   -16.903001    -0.988000
 N    42.152993   -17.447002    -2.134000
 C    41.257992   -17.249001    -3.069000
 C    42.061994   -16.823002     0.335000
 N    41.141994   -16.187001     1.187000
 C    39.913994   -15.691000     0.798000
 N    39.447994   -15.773000    -0.445000
 N    39.181995   -15.114000     1.756000
 O    43.133994   -17.221002     0.788999
 O    40.087990   -20.618001    -6.702999
 C    40.985990   -21.448001    -5.971000
 C    40.256990   -22.523001    -5.168999
 O    39.839991   -21.827000    -3.960999
 C    40.648991   -20.684000    -3.758000
 C    41.663991   -20.620001    -4.891000
 C    41.067990   -23.738001    -4.780999
 O    42.468990   -23.380001    -4.705000
 P    43.534989   -24.450002    -5.214000
 O    44.797990   -24.289002    -4.452000
 N    41.262991   -20.797000    -2.408000
 C    42.423991   -21.431001    -2.055000
 N    42.692992   -21.356000    -0.786000
 C    41.646992   -20.612000    -0.270000
 C    40.757992   -20.268000    -1.246000
 N    39.625992   -19.553000    -1.109000
 C    39.456992   -19.205000     0.148000
 N    40.217992   -19.466000     1.206000
 C    41.340992   -20.179000     1.038000
 N    42.118992   -20.448000     2.099000
 O    42.829989   -25.820001    -4.789999
 C    43.163989   -26.427001    -3.544999
 C    42.037989   -27.312001    -3.013999
 O    41.158990   -26.407001    -2.285999
 C    41.831990   -25.189001    -2.030999
 C    43.278990   -25.350001    -2.478000
 C    42.447989   -28.445001    -2.100999
 O    43.513989   -28.030001    -1.223999
 P    44.599989   -29.112001    -0.787999
 O    45.330990   -28.624001     0.406000
 N    41.681991   -24.881001    -0.583999
 C    42.563991   -25.393001     0.337001
 C    42.435991   -25.113001     1.649001
 C    41.362992   -24.275000     2.125001
 N    40.527991   -23.809000     1.135001
 C    40.629991   -24.068000    -0.216999
 O    39.840991   -23.607001    -1.022999
 O    41.170992   -23.974000     3.309001
 C    43.365991   -25.650001     2.694000
 O    43.672989   -30.349001    -0.376999
 C    43.328990   -30.545001     0.992001
 C    42.029990   -31.331001     1.153002
 O    40.963990   -30.335000     1.119002
 C    41.520990   -29.043000     1.259001
 C    42.991990   -29.202001     1.620001
 C    41.894990   -32.153000     2.415002
 O    42.331990   -31.405000     3.564002
 P    42.990990   -32.196000     4.781001
 O    43.147991   -31.280000     5.937001
 N    40.726990   -28.315000     2.286002
 C    41.009991   -28.459000     3.622002
 C    40.297992   -27.799000     4.556002
 C    39.209992   -26.928999     4.179002
 N    38.996991   -26.847000     2.822002
 C    39.707991   -27.501000     1.836002
 O    39.446990   -27.364000     0.654002
 O    38.505992   -26.291999     4.971002
 C    40.560992   -27.924999     6.026002
 O    41.861990   -33.280000     5.112002
 C    40.931991   -33.016000     6.159002
 C    39.632990   -33.800999     5.990002
 O    38.790990   -32.967999     5.129003
 C    39.335991   -31.664999     5.052003
 C    40.468991   -31.570000     6.065002
 C    38.865991   -34.109999     7.255003
 O    38.873991   -32.969000     8.137003
 P    38.860991   -33.226000     9.710003
 O    38.618991   -31.944000    10.416003
 N    38.232991   -30.696999     5.295003
 C    37.855992   -30.357999     6.553003
 C    36.849992   -29.467999     6.777004
 C    36.206992   -28.921998     5.623004
 N    36.586991   -29.260998     4.385004
 C    37.592991   -30.146999     4.185003
 O    37.967991   -30.479998     3.054003
 N    35.214992   -28.055998     5.761004
 O    37.577991   -34.167999     9.873003
 C    36.338991   -33.564999    10.238003
 C    35.139991   -34.428999     9.849003
 O    34.885991   -34.084999     8.445003
 C    35.526991   -32.863999     8.130003
 C    36.131991   -32.305999     9.411003
 C    33.863991   -34.191999    10.623003
 O    33.783991   -32.794999    10.997003
 P    33.131992   -32.434999    12.406004
 O    32.802992   -30.988999    12.442004
 N    34.515991   -31.967998     7.505004
 C    33.664991   -31.222998     8.282004
 C    32.750991   -30.405998     7.722004
 C    32.634991   -30.299998     6.288004
 N    33.523991   -31.082998     5.590004
 C    34.477991   -31.924998     6.127004
 O    35.226991   -32.580998     5.425003
 O    31.821991   -29.579998     5.695004
 C    31.794991   -29.574998     8.524004
 O    31.849992   -33.291999    12.341004
 C    30.672992   -32.634999    11.880004
 C    29.604991   -33.622998    11.415004
 O    30.037991   -33.964998    10.054004
 C    30.866991   -32.939998     9.542004
 C    30.995991   -31.862999    10.611004
 C    28.192991   -33.089998    11.325005
 O    28.262991   -31.638998    11.196005
 P    27.194992   -30.790998    12.022005
 O    27.048992   -29.448998    11.406006
 N    30.257991   -32.454998     8.274004
 C    29.234991   -31.559998     8.111005
 N    28.924991   -31.344997     6.868005
 C    29.810990   -32.139997     6.163004
 C    30.628991   -32.832998     7.007004
 N    31.603990   -33.700998     6.675003
 C    31.681990   -33.817997     5.367003
 N    30.960990   -33.224997     4.421004
 C    29.997990   -32.363997     4.783004
 N    29.262990   -31.757997     3.836004
 O    25.867992   -31.643998    11.756006
 C    25.092991   -31.302998    10.609006
 C    24.160991   -32.434998    10.183006
 O    25.078991   -33.336998     9.478006
 C    26.151991   -32.593997     8.934005
 C    26.014991   -31.153998     9.409006
 C    23.052991   -32.066998     9.223007
 O    23.361990   -30.764998     8.632007
 P    22.183990   -29.691998     8.654008
 O    22.390990   -28.709998     7.562008
 N    26.104990   -32.744997     7.454005
 C    26.878990   -33.608997     6.714005
 C    26.516989   -33.424997     5.391005
 N    25.519989   -32.452997     5.296006
 C    25.313990   -32.086997     6.535006
 C    27.149989   -34.185997     4.382005
 N    28.108989   -35.059997     4.923004
 C    28.413990   -35.169997     6.264004
 N    27.813990   -34.459997     7.216004
 N    29.361990   -36.055997     6.582003
 O    26.964988   -34.165996     3.166005
 O    20.941990   -30.632998     8.301008
 C    20.702990   -30.937998     6.930008
 C    19.901990   -32.225998     6.756008
 O    20.934990   -33.235998     7.019008
 C    22.185990   -32.746997     6.575007
 C    22.023989   -31.266997     6.253007
 C    19.346989   -32.490998     5.375009
 O    19.924988   -31.531997     4.437008
 P    18.890988   -30.601997     3.657009
 O    19.479987   -30.192997     2.358009
 N    22.606989   -33.570997     5.410007
 C    22.118988   -33.334997     4.166007
 C    22.505988   -34.084997     3.098007
 C    23.440989   -35.135996     3.356006
 N    23.917989   -35.359996     4.587006
 C    23.519990   -34.598997     5.636006
 O    23.943990   -34.780996     6.784006
 N    23.858988   -35.911996     2.369006
 O    17.712988   -31.646998     3.405010
 C    17.852988   -32.621997     2.375009
 C    17.052988   -33.889997     2.668010
 O    17.900988   -34.518997     3.687009
 C    19.255988   -34.222997     3.407009
 C    19.287988   -33.123997     2.353009
 C    16.908987   -34.870997     1.526009
 O    17.786987   -34.469997     0.433009
 P    17.080986   -34.092997    -0.944991
 O    18.002986   -34.389997    -2.068991
 N    19.915988   -35.484997     2.977008
 C    19.835988   -35.921997     1.695008
 C    20.442988   -37.073997     1.298008
 C    21.155988   -37.801997     2.301008
 N    21.230988   -37.361997     3.563008
 C    20.620988   -36.210997     3.935008
 O    20.672989   -35.778997     5.094008
 N    21.766988   -38.935997     1.992007
 O    15.880987   -35.143997    -0.946990
 C    16.127987   -36.507997    -1.276990
 C    15.159987   -37.456998    -0.573990
 O    15.718988   -37.507998     0.773010
 C    17.118987   -37.314997     0.713009
 C    17.477987   -36.921997    -0.713991
 C    15.093988   -38.867998    -1.111990
 O    16.248988   -39.106997    -1.964990
 P    15.961988   -39.647997    -3.435990
 O    17.085988   -40.510997    -3.872990
 N    17.770988   -38.570997     1.171009
 C    18.198988   -38.827997     2.455009
 C    18.741988   -40.099997     2.440009
 N    18.658988   -40.644997     1.158009
 C    18.078988   -39.706997     0.452009
 C    19.270989   -40.646997     3.631009
 N    19.153989   -39.747997     4.706009
 C    18.601989   -38.484997     4.626009
 N    18.096988   -37.972997     3.507009
 N    18.584989   -37.776997     5.759009
 O    19.788989   -41.747997     3.816008
 O    14.669988   -40.545998    -3.174990
 C    14.808988   -41.885998    -2.708990
 C    13.612988   -42.333998    -1.871990
 O    13.890988   -41.757998    -0.564990
 C    15.281988   -41.547998    -0.415990
 C    15.959988   -41.952997    -1.717990
 C    13.422989   -43.824998    -1.716990
 O    14.689989   -44.491998    -1.959990
 P    14.655989   -45.838998    -2.811991
 O    15.726989   -46.749997    -2.336991
 N    15.735989   -42.331997     0.765010
 C    16.127989   -43.642997     0.813010
 N    16.463989   -44.040997     2.003010
 C    16.296989   -42.914997     2.789010
 C    15.842989   -41.861997     2.050010
 N    15.565988   -40.616997     2.481010
 C    15.788988   -40.523997     3.775009
 N    16.217989   -41.449997     4.627009
 C    16.487989   -42.679997     4.167009
 N    16.922989   -43.622997     5.018010
 O    13.231989   -46.429998    -2.396990
 C    13.136990   -47.341998    -1.304991
 C    11.756990   -47.316999    -0.650990
 O    11.819990   -46.212999     0.295010
 C    13.169990   -45.874998     0.550010
 C    14.051990   -46.875998    -0.183991
 C    11.338990   -48.571999     0.081010
 O    12.482991   -49.196999     0.699009
 P    12.516991   -50.787999     0.785009
 O    13.436992   -51.202998     1.872009
 N    13.365990   -45.870998     2.025009
 C    13.688990   -47.027998     2.692009
 C    13.872991   -47.029999     4.027009
 C    13.726991   -45.817999     4.795010
 N    13.400990   -44.709999     4.046010
 C    13.210990   -44.666999     2.679010
 O    12.924989   -43.633998     2.100010
 O    13.872991   -45.732999     6.020010
 C    14.219991   -48.263999     4.803009
 O    11.011991   -51.116999     1.207009
 C    10.691992   -51.315000     2.581009
 C     9.224992   -51.014000     2.882010
 O     9.170991   -49.584000     3.159010
 C    10.481991   -49.090000     3.358010
 C    11.427991   -50.281999     3.420009
 C     8.609992   -51.765001     4.041010
 O     9.509993   -51.804000     5.164010
 P     9.469993   -53.074000     6.126010
 O    10.256993   -52.790000     7.351009
 N    10.473991   -48.266000     4.597010
 C    10.639991   -48.851000     5.828009
 C    10.637991   -48.110000     6.953010
 C    10.451991   -46.680000     6.897010
 N    10.291990   -46.182000     5.624010
 C    10.293990   -46.907000     4.449010
 O    10.145990   -46.375000     3.363010
 O    10.432990   -45.929000     7.879010
 C    10.808992   -48.698000     8.321010
 O     7.915993   -53.149001     6.498010
 C     7.459994   -52.566001     7.715010
 C     5.978993   -52.198002     7.660011
 O     5.933993   -50.849002     7.098011
 C     7.232992   -50.291001     7.107010
 C     8.136993   -51.219001     7.909010
 C     5.237994   -52.199002     8.978011
 O     6.026994   -51.570002    10.005011
 P     5.873995   -52.085002    11.505011
 O     6.597995   -51.166001    12.418010
 N     7.133992   -48.917001     7.670010
 C     7.143992   -48.702001     9.009010
 C     7.057992   -47.445001     9.526010
 C     6.942991   -46.372001     8.588010
 N     6.935991   -46.595001     7.268010
 C     7.024991   -47.854001     6.776010
 O     7.021991   -48.091002     5.561010
 N     6.847991   -45.122001     9.016010
 O     4.298995   -51.930002    11.741011
 C     3.816994   -50.758003    12.394011
 C     2.350994   -50.479003    12.071011
 O     2.382994   -49.724003    10.814011
 C     3.690993   -49.236003    10.587011
 C     4.526994   -49.540002    11.823011
 C     1.582994   -49.665003    13.088012
 O     2.446994   -48.658003    13.659011
 P     2.234994   -48.262003    15.189011
 O     2.987993   -47.019003    15.485011
 N     3.585993   -47.785003    10.277011
 C     3.511992   -46.856003    11.285011
 C     3.421992   -45.540003    11.010011
 C     3.392991   -45.069003     9.647011
 N     3.469992   -46.068003     8.704011
 C     3.568992   -47.424003     8.945011
 O     3.634993   -48.237003     8.041011
 O     3.307991   -43.883003     9.308010
 C     3.331991   -44.486003    12.073011
 O     0.700994   -47.993004    15.201012
 C     0.287993   -46.638004    15.050012
 C    -1.166007   -46.525005    14.598012
 O    -1.089007   -46.719005    13.144012
 C     0.222993   -46.442004    12.693012
 C     1.050993   -46.008004    13.896012
 C    -1.845007   -45.197005    14.847012
 O    -0.817008   -44.169004    14.922012
 P    -1.017008   -43.015004    16.003012
 O    -0.206007   -41.834007    15.621007
 N     0.128992   -45.409004    11.627012
 C     0.019992   -44.052004    11.768012
 N    -0.049008   -43.415004    10.637012
 C     0.033992   -44.418004     9.687012
 C     0.134992   -45.645004    10.274012
 N     0.229993   -46.841004     9.663012
 C     0.207992   -46.687003     8.357012
 N     0.106992   -45.572003     7.639012
 C     0.015992   -44.396004     8.277012
 N    -0.085009   -43.263003     7.563012
 O    -2.569008   -42.677005    15.805012
 C    -2.895009   -41.646005    14.877012
 C    -4.350009   -41.722006    14.418013
 O    -4.308009   -42.783006    13.405013
 C    -3.008009   -42.868005    12.854012
 C    -2.122009   -41.870005    13.587012
 C    -4.911009   -40.482006    13.760013
 O    -3.795010   -39.646005    13.325012
 P    -3.906010   -38.091006    13.659012
 O    -3.054011   -37.322005    12.719012
 N    -3.117009   -42.612005    11.392012
 C    -3.147009   -43.578005    10.412012
 C    -3.253009   -42.910005     9.206012
 N    -3.290010   -41.531005     9.421013
 C    -3.209010   -41.411005    10.721012
 C    -3.306009   -43.648005     8.001012
 N    -3.235009   -45.031005     8.243013
 C    -3.120008   -45.613005     9.489012
 N    -3.077008   -44.920005    10.624012
 N    -3.062008   -46.948005     9.513012
 O    -3.400010   -43.239006     6.845013
 O    -5.446010   -37.836006    13.315013
 C    -5.786011   -37.564006    11.958013
 C    -7.253011   -37.863007    11.659013
 O    -7.233010   -39.328007    11.566013
 C    -5.977010   -39.748006    11.070013
 C    -5.050011   -38.540006    11.053013
 C    -7.793011   -37.330007    10.351013
 O    -6.677012   -36.863006     9.531013
 P    -6.751012   -35.344007     9.053013
 O    -5.979013   -35.185006     7.796013
 N    -6.198010   -40.353006     9.729013
 C    -6.337011   -39.580006     8.621013
 C    -6.534011   -40.131006     7.393013
 C    -6.600010   -41.559006     7.332013
 N    -6.460010   -42.312006     8.429013
 C    -6.261010   -41.742006     9.643013
 O    -6.128009   -42.412006    10.675013
 N    -6.797011   -42.167006     6.172013
 O    -8.312012   -35.228007     8.742013
 C    -8.814012   -35.779007     7.527014
 C   -10.286012   -36.171008     7.635014
 O   -10.182012   -37.408008     8.419014
 C    -8.985012   -38.076007     8.068014
 C    -8.128012   -37.109007     7.260013
 C   -10.987012   -36.511008     6.340014
 O   -10.001013   -36.596008     5.268014
 P   -10.158013   -35.548008     4.077014
 O    -9.601013   -36.129008     2.832014
 N    -9.355011   -39.312007     7.327014
 C    -9.644012   -39.280007     6.002014
 C    -9.978012   -40.410008     5.321014
 C   -10.020011   -41.625008     6.074014
 N    -9.731011   -41.647008     7.381014
 C    -9.398011   -40.509008     8.039014
 O    -9.126011   -40.498008     9.246014
 N   -10.344011   -42.764008     5.483014
 O   -11.748013   -35.478008     3.972014
 C   -12.463013   -36.543009     3.351015
 C   -13.870013   -36.704009     3.922015
 O   -13.592012   -37.378009     5.189015
 C   -12.444012   -38.193009     5.046015
 C   -11.800012   -37.865008     3.705015
 C   -14.820013   -37.573010     3.130015
 O   -14.064013   -38.333009     2.144015
 P   -14.498013   -38.164010     0.620015
 O   -14.214013   -39.420010    -0.115985
 N   -12.875011   -39.611009     5.173015
 C   -12.833011   -40.358008     6.329015
 C   -13.320010   -41.611009     6.003016
 N   -13.669011   -41.657009     4.652016
 C   -13.389011   -40.457009     4.212015
 C   -13.400009   -42.610009     7.001016
 N   -12.936009   -42.136008     8.240016
 C   -12.455009   -40.864008     8.473015
 N   -12.387010   -39.921008     7.536015
 N   -12.055009   -40.604007     9.721015
 O   -13.801009   -43.769009     6.907016
 O   -16.073013   -37.986010     0.783016
 C   -16.913013   -39.123010     0.961016
 C   -18.154013   -38.801011     1.791017
 O   -17.635012   -38.815011     3.152016
 C   -16.509012   -39.668010     3.228016
 C   -16.189013   -40.149010     1.819016
 C   -19.296013   -39.788011     1.701017
 O   -18.787012   -41.047011     1.182017
 P   -19.626013   -41.755011     0.027017
 O   -19.508012   -43.227011     0.163017
 N   -16.834012   -40.766010     4.178016
 C   -17.472011   -41.949010     3.919016
 N   -17.612011   -42.704011     4.968016
 C   -17.015011   -41.976011     5.982016
 C   -16.540011   -40.784010     5.518016
 N   -15.908011   -39.825010     6.220016
 C   -15.795011   -40.184010     7.481016
 N   -16.208010   -41.295010     8.083016
 C   -16.833010   -42.233011     7.357016
 N   -17.254010   -43.360011     7.954017
 O   -21.109013   -41.304012     0.406018
 C   -21.890012   -42.099012     1.294018
 C   -22.930012   -41.272013     2.047019
 O   -22.191012   -40.708012     3.166018
 C   -21.017011   -41.463012     3.399018
 C   -21.000011   -42.621012     2.411018
 C   -24.130011   -42.023013     2.577019
 O   -23.761011   -43.388013     2.879019
 P   -24.840011   -44.530013     2.610020
 O   -24.591010   -45.670013     3.525020
 N   -21.027010   -41.890012     4.824018
 C   -21.660010   -43.048012     5.203018
 C   -21.668009   -43.443012     6.492018
 C   -21.020009   -42.654011     7.511018
 N   -20.414009   -41.512011     7.041017
 C   -20.379010   -41.078011     5.731017
 O   -19.813011   -40.048011     5.407016
 O   -20.984008   -42.942011     8.713018
 C   -22.348008   -44.694012     6.960019
 O   -26.192011   -43.792013     3.034021
 C   -26.707010   -43.969014     4.351021
 C   -27.581010   -42.797014     4.792021
 O   -26.656010   -41.820013     5.351021
 C   -25.404010   -42.433013     5.591020
 C   -25.558010   -43.928013     5.347020
 C   -28.653009   -43.106014     5.813022
 O   -28.156009   -44.010014     6.817022
 P   -29.175008   -45.045014     7.475022
 O   -28.572007   -45.617013     8.704022
 N   -24.990009   -42.092013     6.979020
 C   -25.412008   -42.851013     8.043020
 C   -25.037008   -42.551013     9.302020
 C   -24.188008   -41.415013     9.569020
 N   -23.816009   -40.712012     8.446019
 C   -24.174009   -40.992013     7.142019
 O   -23.792010   -40.310012     6.208019
 O   -23.802007   -41.068013    10.691019
 C   -25.473007   -43.343013    10.497020
 O   -30.392008   -44.089014     7.875023
 C   -30.480008   -43.583014     9.205023
 C   -31.282008   -42.286014     9.277023
 O   -30.319008   -41.216014     9.034022
 C   -29.006008   -41.736014     9.122022
 C   -29.098008   -43.154013     9.669022
 C   -31.999007   -42.012014    10.580023
 O   -31.143007   -42.287014    11.703022
 P   -31.807006   -42.805014    13.057023
 O   -30.786006   -42.818013    14.133022
 N   -28.209008   -40.814013     9.977021
 C   -28.223008   -40.919013    11.330021
 C   -27.491007   -40.080012    12.113020
 C   -26.722008   -39.080012    11.440019
 N   -26.714008   -38.985013    10.105019
 C   -27.449009   -39.833013     9.344020
 O   -27.461009   -39.771014     8.108020
 N   -25.991008   -38.223012    12.136019
 O   -32.510006   -44.080014    12.820023
 O   -29.629008   -46.020014     6.465023
 O   -24.884011   -44.856013     1.171020
 O   -19.252014   -41.196011    -1.285983
 O   -13.901014   -36.937009     0.057015
 O    -9.609014   -34.238008     4.480014
 O    -6.373012   -34.445006    10.161013
 O    -3.652010   -37.862005    15.095012
 O    -0.783008   -43.547005    17.360012
 O     2.529994   -49.418003    16.056011
 O     6.248995   -53.509002    11.593011
 O     9.853993   -54.287000     5.379009
 O    12.791991   -51.360998    -0.546991
 O    14.666989   -45.526997    -4.253991
 O    15.624987   -38.523997    -4.331990
 O    16.557986   -32.714997    -0.885991
 O    18.434988   -29.505998     4.533010
 O    22.038991   -29.126998    10.010008
 O    27.534992   -30.808999    13.457005
 O    33.989992   -32.928999    13.501003
 O    40.073991   -33.965000    10.112003
 O    44.215990   -32.885000     4.333001
 O    45.433989   -29.487002    -1.947000
 O    43.654989   -24.387002    -6.683000
 O    39.724991   -18.641001    -8.217000
 O    35.778994   -13.424999    -5.965999
 O    33.811997    -9.380998    -1.073998
 O    34.870999    -6.364998     4.630001
 O    39.083000    -3.742999     9.065000
 O    45.009000    -0.838000    10.492000
 N    45.519999    -6.849002    -1.896000
 C    46.693999    -6.909002    -1.287000
 N    46.719999    -6.866002     0.050000
 C    47.894999    -6.920002     0.725000
 N    49.079999    -7.028003     0.000000
 C    49.063999    -7.074003    -1.356000
 C    47.895999    -7.025002    -2.054000
 C    50.356999    -7.087003     0.760001
 O    50.883999    -5.776003     0.821001
 C    52.301999    -5.806004     0.473001
 C    52.699999    -7.280004     0.502001
 C    51.407999    -7.987003     0.125001
 C    52.500000    -5.083004    -0.839999
 O    52.022000    -5.878004    -1.938999
 P    52.750000    -5.743004    -3.350999
 O    51.983000    -6.494004    -4.374999
 O    47.949999    -6.882002     1.960000
 O    53.104998    -7.704004     1.801001
 P    52.996998    -9.250004     2.193001
 O    51.598998    -9.291003     2.957001
 C    51.366998    -8.342003     4.013001
 C    50.474997    -8.933003     5.081001
 O    49.095997    -8.926002     4.609000
 C    48.663997   -10.254002     4.385000
 C    49.870997   -11.171003     4.529001
 C    50.757997   -10.380003     5.477001
 N    48.029997   -10.304002     3.040000
 C    46.683997   -10.166001     2.786000
 C    46.529998   -10.278001     1.416000
 N    47.768998   -10.484002     0.807000
 C    48.615997   -10.489002     1.805000
 C    45.239998   -10.177001     0.846999
 N    44.258998    -9.969001     1.832999
 C    44.503997    -9.880001     3.187999
 N    45.718997    -9.967001     3.723000
 N    43.436997    -9.684001     3.967999
 O    44.905998   -10.247001    -0.335001
 O    50.372996   -10.657003     6.821001
 P    50.011995   -12.154003     7.248001
 O    48.425995   -12.152002     7.097000
 C    47.706996   -10.969002     7.510000
 C    46.371995   -11.356001     8.105999
 O    45.393996   -11.485001     7.035999
 C    45.116995   -12.852001     6.797999
 C    46.015995   -13.678001     7.706999
 C    46.316995   -12.699001     8.830999
 N    45.328996   -13.112001     5.347999
 C    44.354996   -13.062001     4.376999
 C    44.977997   -13.368001     3.179999
 N    46.335997   -13.609001     3.393000
 C    46.489996   -13.443001     4.681000
 C    44.221997   -13.395001     1.985999
 N    42.869997   -13.090001     2.226998
 C    42.330997   -12.805000     3.463998
 N    43.042996   -12.772001     4.587998
 N    41.019997   -12.545000     3.489998
 O    44.591997   -13.642001     0.838999
 O    45.265994   -12.750001     9.790999
 P    44.618994   -14.155001    10.186999
 O    43.432994   -14.257001     9.126998
 C    42.815995   -13.014000     8.695998
 C    41.314995   -13.192000     8.684997
 O    40.896995   -13.547000     7.335997
 C    40.736995   -14.949000     7.234997
 C    40.965994   -15.548000     8.616998
 C    40.761994   -14.344000     9.521997
 N    41.688996   -15.442001     6.202998
 C    42.966995   -15.769001     6.520999
 C    43.837996   -16.224001     5.578999
 C    43.341996   -16.328001     4.241999
 N    42.077996   -16.005001     3.938998
 C    41.226996   -15.556001     4.893998
 O    40.054996   -15.251000     4.643997
 N    44.131997   -16.757001     3.269999
 O    39.371994   -14.193000     9.795997
 P    38.446994   -15.475000     9.991997
 O    38.159994   -15.866000     8.472997
 C    38.044995   -14.768000     7.523996
 C    36.709995   -14.858000     6.819996
 O    36.924995   -15.489000     5.519996
 C    36.745995   -16.887000     5.639996
 C    36.163994   -17.169000     7.017996
 C    35.676995   -15.794000     7.443996
 N    38.062995   -17.536000     5.399997
 C    38.964995   -17.688000     6.423997
 C    40.157994   -18.280001     6.214998
 C    40.524995   -18.761001     4.904998
 N    39.561995   -18.565001     3.941998
 C    38.328995   -17.971001     4.117997
 O    37.536995   -17.842001     3.200997
 O    41.596995   -19.310001     4.625998
 C    41.179994   -18.465001     7.294998
 O    34.368995   -15.576999     6.921995
 P    33.330995   -16.784999     6.843995
 O    33.908995   -17.571000     5.583995
 C    34.446995   -16.753000     4.500995
 C    33.629996   -16.983000     3.249995
 O    34.401996   -17.876000     2.376996
 C    34.092996   -19.217000     2.702996
 C    32.860995   -19.211000     3.596995
 C    32.345996   -17.792000     3.417995
 N    35.294996   -19.818000     3.341996
 C    35.700995   -19.718000     4.645996
 N    36.803995   -20.357000     4.896997
 C    37.140995   -20.927000     3.681997
 C    36.232996   -20.601000     2.716997
 N    36.242997   -20.972001     1.422997
 C    37.292997   -21.727001     1.174997
 N    38.260996   -22.122001     1.993998
 C    38.221996   -21.737001     3.277998
 N    39.194995   -22.132001     4.116998
 O    31.518996   -17.736000     2.257994
 P    30.518996   -18.945000     1.962994
 O    31.546997   -20.016000     1.379994
 C    32.600997   -19.488000     0.516995
 C    32.530998   -20.181000    -0.825005
 O    33.585998   -21.202000    -0.852005
 C    33.063998   -22.426000    -0.372005
 C    31.552998   -22.277000    -0.252006
 C    31.289998   -21.032000    -1.084006
 N    33.739997   -22.734000     0.916996
 C    33.464997   -22.230000     2.159995
 N    34.241996   -22.694000     3.092996
 C    35.075997   -23.571000     2.422996
 C    34.788997   -23.603000     1.088996
 N    35.395998   -24.335000     0.136996
 C    36.358998   -25.058999     0.664997
 N    36.763997   -25.133999     1.929997
 C    36.137997   -24.392999     2.855997
 N    36.536996   -24.460000     4.136997
 O    31.166999   -21.402000    -2.455006
 P    30.284999   -22.688000    -2.804006
 O    31.359999   -23.841000    -2.566006
 C    32.710999   -23.572000    -3.055005
 C    33.191000   -24.781000    -3.826005
 O    33.999000   -25.597000    -2.912004
 C    33.202000   -26.628000    -2.361005
 C    31.827000   -26.558000    -3.012005
 C    32.116001   -25.767000    -4.278005
 N    33.176999   -26.441999    -0.885005
 C    33.957999   -27.125999     0.019996
 C    33.615998   -26.648999     1.271996
 N    32.626998   -25.669999     1.160995
 C    32.406998   -25.585999    -0.126005
 C    34.259997   -27.169999     2.417996
 N    35.201998   -28.155999     2.072997
 C    35.472999   -28.578999     0.787997
 N    34.871999   -28.082999    -0.291004
 N    36.400999   -29.531999     0.663998
 O    34.095997   -26.875998     3.600996
 O    32.589001   -26.654000    -5.287005
 P    31.769002   -28.010000    -5.511005
 O    32.529001   -28.990000    -4.510005
 C    33.986001   -28.922000    -4.496004
 C    34.517002   -30.330999    -4.365004
 O    34.693001   -30.605999    -2.933004
 C    33.622001   -31.402000    -2.463004
 C    32.675002   -31.650000    -3.629005
 C    33.588002   -31.452000    -4.827004
 N    32.992001   -30.687000    -1.320004
 C    32.068000   -29.678000    -1.357005
 N    31.713000   -29.254001    -0.181005
 C    32.442000   -30.045001     0.688996
 C    33.236000   -30.922000     0.009996
 N    34.079000   -31.835000     0.527996
 C    34.054000   -31.782000     1.842996
 N    33.348999   -30.988001     2.642996
 C    32.516999   -30.090001     2.096995
 N    31.797999   -29.283001     2.895995
 O    34.293003   -32.662999    -5.086004
 P    33.414003   -33.931000    -5.069004
 O    33.667003   -34.422000    -3.573004
 C    35.030003   -34.543999    -3.113003
 C    35.150003   -35.710999    -2.159003
 O    34.647002   -35.286999    -0.849003
 C    33.412002   -35.924000    -0.586004
 C    32.995003   -36.678000    -1.842004
 C    34.335004   -36.955999    -2.504003
 N    32.442002   -34.877000    -0.165004
 C    31.763002   -34.134000    -1.100004
 C    30.879001   -33.189001    -0.725005
 C    30.628001   -32.923001     0.670995
 N    31.353000   -33.711001     1.534995
 C    32.260001   -34.693000     1.189996
 O    32.855001   -35.345000     2.029996
 O    29.839000   -32.072001     1.098995
 C    30.117001   -32.347001    -1.703005
 O    34.898004   -38.139999    -1.945003
 P    33.948004   -39.409999    -1.726003
 O    33.547004   -39.251999    -0.192004
 C    34.597003   -39.168998     0.789997
 C    34.152003   -39.783998     2.097997
 O    33.231002   -38.860999     2.758996
 C    31.934002   -39.425999     2.780995
 C    31.949003   -40.670999     1.903996
 C    33.402003   -41.109999     2.002997
 N    30.976002   -38.383000     2.323995
 C    30.749002   -38.164000     1.003995
 C    29.871002   -37.214000     0.583994
 C    29.212002   -36.453001     1.599994
 N    29.441001   -36.678000     2.899994
 C    30.319001   -37.632000     3.295995
 O    30.551001   -37.863000     4.488995
 N    28.348001   -35.506001     1.268994
 O    33.571003   -41.909998     3.169997
 P    32.470003   -43.012999     3.529996
 O    31.564003   -42.231999     4.582996
 C    32.201002   -41.632999     5.725996
 C    31.277001   -41.634999     6.922996
 O    30.264001   -40.600999     6.744995
 C    28.998001   -41.206000     6.566994
 C    29.211002   -42.705000     6.405995
 C    30.502001   -42.925999     7.177995
 N    28.348002   -40.562000     5.392994
 C    27.465001   -39.507001     5.446993
 C    27.108002   -39.228001     4.139993
 N    27.761003   -40.099001     3.265993
 C    28.477002   -40.860001     4.052994
 C    26.200002   -38.178002     3.873992
 N    25.777001   -37.551001     5.059992
 C    26.181000   -37.906001     6.330992
 N    27.042001   -38.889001     6.581992
 N    25.664000   -37.191001     7.333991
 O    25.767002   -37.783002     2.791992
 O    30.197001   -43.107999     8.557995
 P    28.943001   -44.004999     8.979995
 O    27.814000   -42.897999     9.182994
 C    28.160000   -41.694999     9.897994
 C    26.973999   -41.190999    10.688993
 O    26.101999   -40.428999     9.805993
 C    24.917000   -41.160000     9.553992
 C    25.067000   -42.533000    10.196992
 C    26.068999   -42.254999    11.305993
 N    24.718000   -41.208000     8.079992
 C    23.959001   -40.322000     7.346992
 C    24.045001   -40.731000     6.028992
 N    24.853002   -41.864000     5.926992
 C    25.224001   -42.101000     7.158992
 C    23.359002   -40.005001     5.026991
 N    22.653001   -38.919001     5.572991
 C    22.616000   -38.590001     6.912991
 N    23.267000   -39.268000     7.854991
 N    21.883000   -37.521001     7.236990
 O    23.316002   -40.209001     3.814991
 O    25.375998   -41.773999    12.453993
 P    23.987998   -42.443000    12.875992
 O    22.947998   -41.487000    12.137991
 C    23.309998   -40.089000    11.996992
 C    22.085998   -39.233000    12.228991
 O    21.445998   -38.971000    10.947991
 C    20.332998   -39.828000    10.778990
 C    20.205998   -40.684000    12.031990
 C    20.966997   -39.860000    13.057991
 N    20.549999   -40.614000     9.534991
 C    21.243999   -41.780000     9.548991
 C    21.440000   -42.504000     8.412991
 C    20.889000   -41.967000     7.206991
 N    20.204000   -40.817000     7.202990
 C    20.019999   -40.114000     8.347990
 O    19.390999   -39.049000     8.374990
 N    21.044001   -42.611000     6.060991
 O    20.093997   -38.880000    13.612990
 P    18.566997   -39.240001    13.902990
 O    17.920997   -38.975001    12.470990
 C    18.500998   -37.907001    11.670990
 C    17.402998   -36.967001    11.227989
 O    17.015998   -37.323001     9.866989
 C    15.921998   -38.218001     9.901989
 C    15.438998   -38.311001    11.342989
 C    16.072997   -37.081001    11.970989
 N    16.378999   -39.517001     9.337989
 C    16.990999   -40.451001    10.136989
 C    17.402999   -41.631001     9.631989
 C    17.220000   -41.942001     8.234989
 N    16.602000   -40.949001     7.511989
 C    16.160999   -39.732001     7.992989
 O    15.619000   -38.912001     7.272989
 O    17.572000   -42.996001     7.691989
 C    18.079999   -42.682001    10.457990
 O    15.231997   -35.953002    11.745989
 P    13.646997   -36.116002    11.771988
 O    13.404997   -36.777002    10.341988
 C    14.267997   -36.319002     9.258989
 C    13.418997   -35.685002     8.179989
 O    13.273998   -36.664002     7.096988
 C    12.138998   -37.468002     7.349988
 C    11.343998   -36.818002     8.474988
 C    11.955997   -35.428002     8.532988
 N    12.615998   -38.841002     7.668988
 C    13.061998   -39.326002     8.868988
 N    13.416998   -40.575002     8.824988
 C    13.176998   -40.942002     7.512988
 C    12.693998   -39.891002     6.787988
 N    12.355999   -39.881002     5.484988
 C    12.557999   -41.067002     4.952988
 N    13.024999   -42.177002     5.516988
 C    13.352999   -42.156001     6.816988
 N    13.824999   -43.272001     7.396988
 O    11.309997   -34.592002     7.575988
 P     9.737998   -34.729002     7.348988
 O     9.696998   -36.061002     6.475988
 C    10.773998   -36.226002     5.502988
 C    10.176999   -36.336002     4.117988
 O    10.192999   -37.755002     3.740988
 C     8.988999   -38.363002     4.167987
 C     8.030999   -37.258003     4.591987
 C     8.686999   -36.023002     3.995987
 N     9.323999   -39.317002     5.258987
 C     9.546999   -39.048002     6.582988
 N     9.825999   -40.103002     7.287987
 C     9.769999   -41.138002     6.371987
 C     9.472000   -40.675002     5.122987
 N     9.341000   -41.394002     3.992987
 C     9.549000   -42.670002     4.237987
 N     9.852000   -43.271002     5.383987
 C     9.974000   -42.529002     6.493987
 N    10.278999   -43.125003     7.657987
 O     8.274999   -35.883002     2.638987
 P     6.734999   -36.123003     2.290987
 O     6.714000   -37.716003     2.217986
 C     7.873001   -38.341002     1.580987
 C     7.383001   -39.307002     0.526987
 O     7.414002   -40.653002     1.110986
 C     6.143001   -40.966003     1.647986
 C     5.184001   -39.846003     1.266986
 C     5.918002   -39.177003     0.115986
 N     6.303001   -41.144003     3.116986
 C     6.411001   -42.352003     3.767986
 C     6.541001   -42.062003     5.113986
 N     6.517000   -40.681004     5.313986
 C     6.377000   -40.189003     4.108986
 C     6.674001   -43.117004     6.045985
 N     6.645001   -44.371004     5.409985
 C     6.501002   -44.567003     4.051985
 N     6.384002   -43.575003     3.172985
 N     6.493002   -45.838003     3.637985
 O     6.800000   -43.060004     7.267985
 O     5.633002   -39.877003    -1.092014
 P     4.104003   -40.250003    -1.380015
 O     4.003003   -41.659003    -0.641015
 C     5.121003   -42.578003    -0.830014
 C     4.559004   -43.965003    -1.043015
 O     4.516003   -44.632003     0.264985
 C     3.202003   -44.579003     0.786985
 C     2.322003   -43.860004    -0.226016
 C     3.108004   -44.044003    -1.515015
 N     3.267002   -43.903003     2.110985
 C     3.309001   -42.561003     2.375985
 N     3.368000   -42.283003     3.644985
 C     3.350001   -43.523003     4.255985
 C     3.297001   -44.527003     3.333985
 N     3.270002   -45.853003     3.564985
 C     3.308001   -46.089003     4.858985
 N     3.369001   -45.232003     5.872985
 C     3.392000   -43.917003     5.609985
 N     3.451999   -43.041002     6.626984
 O     2.793004   -45.314003    -2.079015
 P     1.292004   -45.617004    -2.122016
 O     1.144004   -46.455004    -0.774016
 C     2.092004   -47.517003    -0.523016
 C     1.396004   -48.665004     0.171984
 O     1.322003   -48.354004     1.602984
 C    -0.006997   -48.017004     1.949983
 C    -0.831997   -47.983004     0.669983
 C    -0.052996   -48.924004    -0.235017
 N     0.028002   -46.719004     2.675983
 C     0.065002   -45.532004     1.986984
 C     0.092002   -44.353004     2.638984
 C     0.093001   -44.305004     4.080984
 N     0.058002   -45.540004     4.685984
 C     0.023002   -46.767004     4.053983
 O    -0.009998   -47.813004     4.677984
 O     0.121001   -43.269004     4.754984
 C     0.138002   -43.030004     1.935984
 O    -0.454996   -50.266004     0.027983
 P    -2.018996   -50.576005     0.170983
 O    -2.212996   -50.526005     1.751983
 C    -1.375996   -51.364004     2.573983
 C    -2.128996   -51.810005     3.805983
 O    -2.162997   -50.696005     4.755983
 C    -3.486997   -50.208005     4.863982
 C    -4.326996   -50.891005     3.792982
 C    -3.588996   -52.206005     3.601982
 N    -3.436998   -48.727005     4.732982
 C    -3.417998   -48.127005     3.515982
 C    -3.375998   -46.772005     3.393982
 C    -3.340999   -46.018005     4.607982
 N    -3.362999   -46.619005     5.803982
 C    -3.405998   -47.971005     5.901982
 O    -3.426998   -48.554005     6.992982
 N    -3.293999   -44.696005     4.569982
 O    -4.035996   -53.141005     4.579982
 P    -5.600996   -53.249006     4.894982
 O    -5.734997   -52.321006     6.183982
 C    -4.905997   -52.605006     7.324982
 C    -5.609997   -52.232006     8.609982
 O    -5.604998   -50.779006     8.747982
 C    -6.926998   -50.289006     8.633981
 C    -7.815997   -51.439007     8.177981
 C    -7.074997   -52.649006     8.725981
 N    -6.905998   -49.139006     7.690981
 C    -6.812999   -47.813006     8.050981
 C    -6.827999   -47.086006     6.873981
 N    -6.929998   -47.944006     5.777981
 C    -6.969998   -49.138006     6.312981
 C    -6.744999   -45.675006     6.923981
 N    -6.658000   -45.213006     8.248981
 C    -6.659000   -46.016006     9.370981
 N    -6.730000   -47.344006     9.323981
 N    -6.573001   -45.387006    10.545981
 O    -6.741999   -44.865006     5.997981
 O    -7.466998   -52.866006    10.078981
 P    -9.006998   -52.724007    10.485981
 O    -9.056998   -51.228007    11.033980
 C    -8.054999   -50.812006    11.980981
 C    -8.620999   -49.797006    12.946980
 O    -8.663999   -48.493007    12.297980
 C   -10.007999   -48.126007    12.053979
 C   -10.890999   -49.318007    12.401979
 C   -10.046000   -50.046007    13.435980
 N   -10.111999   -47.699007    10.632979
 C   -10.007999   -46.403007    10.178979
 C   -10.163998   -46.456008     8.804979
 N   -10.364998   -47.774008     8.392979
 C   -10.322998   -48.463007     9.503980
 C   -10.104998   -45.262008     8.049979
 N    -9.886999   -44.143007     8.872979
 C    -9.751999   -44.184007    10.245979
 N    -9.799999   -45.308007    10.956979
 N    -9.553999   -43.011007    10.853979
 O   -10.217998   -45.107008     6.834979
 O   -10.283001   -49.477007    14.719979
 P   -11.772001   -49.085007    15.145979
 O   -11.813001   -47.539007    14.757978
 C   -10.606001   -46.764007    14.945979
 C   -10.964002   -45.368006    15.403978
 O   -11.160001   -44.523007    14.235978
 C   -12.541001   -44.311007    14.018977
 C   -13.308002   -45.084007    15.083977
 C   -12.268002   -45.224006    16.183978
 N   -12.853000   -44.736007    12.627977
 C   -13.170000   -46.023007    12.338978
 C   -13.460000   -46.414008    11.067978
 C   -13.401999   -45.404008    10.055977
 N   -13.091000   -44.136008    10.351977
 C   -12.807000   -43.769007    11.625977
 O   -12.517000   -42.605007    11.929977
 N   -13.664999   -45.709008     8.794977
 O   -12.284002   -44.052006    16.995977
 P   -13.670003   -43.350006    17.356977
 O   -13.845002   -42.367007    16.114977
 C   -12.634002   -41.823007    15.522977
 C   -12.803003   -40.331007    15.340977
 O   -13.229002   -40.077007    13.970977
 C   -14.638002   -39.955007    13.922976
 C   -15.162003   -39.994007    15.351976
 C   -13.913003   -39.671007    16.156976
 N   -15.159002   -41.051007    13.062976
 C   -15.435002   -42.287007    13.593976
 C   -15.913002   -43.283007    12.821976
 C   -16.139001   -43.081007    11.410976
 N   -15.834001   -41.815007    10.965976
 C   -15.350002   -40.769007    11.726976
 O   -15.109002   -39.677007    11.242976
 O   -16.569001   -43.940008    10.631976
 C   -16.225002   -44.651007    13.349976
 O   -13.757003   -38.257007    16.232976
 P   -15.034003   -37.312007    16.363976
 O   -15.525003   -37.277007    14.847976
 C   -14.490003   -37.305007    13.823976
 C   -14.607003   -36.067007    12.963976
 O   -15.296003   -36.442007    11.727976
 C   -16.690003   -36.272007    11.901976
 C   -16.911003   -35.508007    13.199976
 C   -15.522003   -34.962007    13.487976
 N   -17.318002   -37.621007    11.883976
 C   -17.448003   -38.508007    12.917976
 N   -18.043002   -39.614007    12.581976
 C   -18.338002   -39.437007    11.241976
 C   -17.894002   -38.227007    10.795976
 N   -18.001002   -37.722007     9.551976
 C   -18.615002   -38.579007     8.764976
 N   -19.095002   -39.788007     9.042976
 C   -18.974002   -40.262007    10.291976
 N   -19.456003   -41.482007    10.584975
 O   -15.345003   -33.737007    12.781976
 P   -16.565003   -32.720007    12.641976
 O   -17.419003   -33.460007    11.516976
 C   -16.661003   -34.131007    10.465976
 C   -16.998003   -33.505007     9.132976
 O   -17.924003   -34.410007     8.440976
 C   -19.251003   -34.080008     8.805976
 C   -19.220003   -32.736007     9.520976
 C   -17.830003   -32.225007     9.175976
 N   -19.781003   -35.191008     9.640976
 C   -19.581003   -35.418007    10.976976
 N   -20.179003   -36.484007    11.417976
 C   -20.827002   -36.986008    10.302976
 C   -20.588002   -36.212008     9.204976
 N   -21.050002   -36.399008     7.954976
 C   -21.799002   -37.480008     7.902976
 N   -22.117002   -38.334008     8.870976
 C   -21.643002   -38.120007    10.106976
 N   -21.958002   -38.975007    11.093976
 O   -17.873003   -31.567007     7.912976
 P   -19.114003   -30.616007     7.587976
 O   -20.206003   -31.712008     7.204975
 C   -19.723002   -32.853008     6.428975
 C   -20.552002   -32.976008     5.170975
 O   -21.538002   -34.040008     5.392975
 C   -22.733002   -33.476008     5.897975
 C   -22.611003   -31.961008     5.810975
 C   -21.456002   -31.792008     4.835975
 N   -22.924002   -33.983008     7.283975
 C   -23.754002   -35.020009     7.647974
 C   -23.631003   -35.158009     9.018974
 N   -22.729003   -34.216009     9.517975
 C   -22.343003   -33.554008     8.457975
 C   -24.373003   -36.157009     9.689974
 N   -25.170002   -36.892009     8.794974
 C   -25.239002   -36.677009     7.433974
 N   -24.534002   -35.742009     6.799974
 N   -26.061001   -37.479010     6.750973
 O   -24.397003   -36.431009    10.887974
 O   -21.955002   -31.855008     3.502975
 O    52.617001    -4.175004    -3.635999
 C    51.551001    -3.711004    -4.461000
 C    51.212001    -2.246004    -4.196000
 O    50.258001    -2.269003    -3.086000
 C    49.770001    -3.585003    -2.909000
 C    50.270001    -4.431003    -4.072000
 C    50.591002    -1.483003    -5.345000
 O    49.606002    -2.296003    -6.013000
 P    49.418002    -2.125003    -7.586000
 O    48.231002    -2.897003    -8.028001
 N    48.287001    -3.510003    -2.815001
 C    47.515001    -3.469002    -3.949001
 C    46.171001    -3.407002    -3.871001
 C    45.506001    -3.371002    -2.591002
 N    46.357000    -3.414002    -1.511001
 C    47.735000    -3.485003    -1.551001
 O    48.409000    -3.521003    -0.536000
 O    44.281001    -3.310001    -2.430002
 C    45.282001    -3.354001    -5.077002
 O    49.102003    -0.561003    -7.705000
 C    47.741003    -0.143002    -7.760001
 C    47.566003     1.311998    -7.329000
 O    47.450003     1.259997    -5.871001
 C    47.177002    -0.067002    -5.463001
 C    46.942002    -0.903002    -6.714001
 C    46.360004     2.035998    -7.882001
 O    45.195003     1.188998    -7.825001
 N    46.011002    -0.027002    -4.540001
 C    44.680002     0.018998    -4.857002
 N    43.900002     0.050998    -3.818002
 C    44.773001     0.008998    -2.746002
 C    46.070001    -0.031003    -3.169001
 N    47.179001    -0.073003    -2.407000
 C    46.855000    -0.067003    -1.132001
 N    45.653000    -0.023003    -0.565001
 C    44.567000     0.017997    -1.351002
 N    43.347000     0.060997    -0.790003
 O    50.682002    -2.430003    -8.283000
 O    54.175000    -6.102005    -3.220999
 O    54.090997    -9.598004     3.120002
 O    52.908998   -10.067004     0.958001
 O    50.385995   -12.369003     8.659001
 O    50.599996   -13.101003     6.269001
 O    44.070993   -14.086000    11.554999
 O    45.599994   -15.239001     9.935000
 O    37.187994   -15.096999    10.662996
 O    39.227993   -16.557000    10.639997
 O    31.974995   -16.281999     6.549995
 O    33.460994   -17.631999     8.054995
 O    29.538997   -18.568000     0.925993
 O    29.953996   -19.447000     3.237993
 O    29.872000   -22.665000    -4.220006
 O    29.189999   -22.823000    -1.811007
 O    31.932002   -28.481000    -6.900005
 O    30.372001   -27.821000    -5.050006
 O    33.995004   -34.895000    -6.023004
 O    31.974003   -33.626000    -5.251005
 O    34.726005   -40.647999    -1.921003
 O    32.737005   -39.264000    -2.570004
 O    33.125004   -44.164998     4.180997
 O    31.668004   -43.320999     2.321996
 O    29.229000   -44.677999    10.260995
 O    28.567002   -44.889999     7.850995
 O    23.812997   -42.348999    14.337992
 O    23.899999   -43.806000    12.298992
 O    18.004996   -38.301001    14.893990
 O    18.451997   -40.680001    14.237990
 O    12.994997   -34.794002    11.834988
 O    13.262997   -37.080002    12.831988
 O     9.225997   -33.591002     6.560988
 O     9.065997   -34.971002     8.649988
 O     6.404000   -35.552003     0.970987
 O     5.890999   -35.671003     3.423986
 O     3.882003   -40.421003    -2.829015
 O     3.221002   -39.272003    -0.699015
 O     1.043005   -46.487004    -3.288016
 O     0.458004   -44.393004    -2.036017
 O    -2.302995   -51.934005    -0.331017
 O    -2.792996   -49.477005    -0.456017
 O    -5.937995   -54.644006     5.238982
 O    -6.369996   -52.653006     3.775982
 O    -9.315998   -53.672007    11.572980
 O    -9.850997   -52.832007     9.270980
 O   -11.930002   -49.245006    16.604979
 O   -12.739000   -49.831007    14.303978
 O   -13.531003   -42.572006    18.602977
 O   -14.756003   -44.361007    17.341977
 O   -14.628003   -35.960007    16.795976
 O   -16.061003   -37.978007    17.200976
 O   -16.095004   -31.414007    12.141976
 O   -17.337003   -32.690007    13.907976
 O   -18.823003   -29.761007     6.419976
 O   -19.536004   -29.909007     8.820976
 H    44.473004     1.706998    -8.188002
 H    46.166004     2.951998    -7.284001
 H    46.546004     2.317998    -8.940001
 H    48.500003     1.854998    -7.588000
 H    48.078002    -0.470003    -4.954001
 H    44.380002     0.024998    -5.905002
 H    47.695000    -0.103004    -0.439000
 H    43.253999     0.061997     0.205997
 H    42.532000     0.091998    -1.368003
 H    45.864003    -0.945002    -6.978001
 H    47.321002    -1.939002    -6.587001
 H    47.334003    -0.313002    -8.779001
 H    50.102002    -0.563003    -4.959000
 H    51.381002    -1.198004    -6.072000
 H    52.141001    -1.744004    -3.850999
 H    50.211000    -4.000003    -1.978000
 H    48.064001    -3.490002    -4.890001
 H    45.930000    -3.391002    -0.596001
 H    44.218001    -3.293001    -4.764002
 H    45.420001    -4.271001    -5.689002
 H    45.524002    -2.457001    -5.686002
 H    49.540001    -4.442003    -4.909000
 H    50.472000    -5.477003    -3.756000
 H    51.799001    -3.880004    -5.529999
 H    51.943000    -4.122004    -0.819999
 H    53.581000    -4.875004    -0.987999
 H    52.870999    -5.303003     1.283001
 H    50.189998    -7.447003     1.798001
 H    50.042999    -7.152003    -1.828999
 H    45.472999    -6.879002    -2.894000
 H    44.680999    -6.773001    -1.358000
 H    47.845999    -7.070003    -3.142000
 H    51.281999    -8.043003    -0.976999
 H    51.369998    -9.015003     0.544001
 H    53.504999    -7.494004    -0.231999
 H    50.882998    -7.438003     3.586001
 H    52.341998    -8.056003     4.462001
 H    50.527997    -8.326003     6.010001
 H    47.938997   -10.526002     5.181000
 H    43.308998    -9.881001     1.502999
 H    43.549997    -9.602001     4.957999
 H    42.525997    -9.619001     3.561999
 H    49.695997   -10.621002     1.745000
 H    50.370997   -11.341003     3.552001
 H    49.585996   -12.153002     4.963000
 H    51.828997   -10.635003     5.333001
 H    47.545996   -10.313002     6.628000
 H    48.308996   -10.421002     8.266000
 H    46.018995   -10.572001     8.808999
 H    44.064995   -13.053001     7.091999
 H    42.264997   -13.085001     1.418998
 H    40.570996   -12.325000     4.355997
 H    40.487997   -12.571000     2.642997
 H    47.416996   -13.540002     5.246000
 H    46.942995   -13.993002     7.184000
 H    45.491994   -14.581001     8.084999
 H    47.286994   -12.933001     9.320000
 H    43.173995   -12.756001     7.675998
 H    43.095995   -12.199000     9.396998
 H    40.808995   -12.246000     8.970997
 H    39.685995   -15.162000     6.945997
 H    43.231995   -15.640001     7.569999
 H    45.079996   -17.005002     3.469000
 H    43.780997   -16.833001     2.336999
 H    44.867995   -16.503001     5.801000
 H    41.991994   -15.961000     8.715998
 H    40.231994   -16.351000     8.837997
 H    41.322994   -14.456000    10.473998
 H    38.867995   -14.834000     6.780997
 H    38.120995   -13.802000     8.066996
 H    36.284995   -13.845000     6.654996
 H    35.995995   -17.210000     4.886996
 H    38.644994   -17.301000     7.390997
 H    39.779995   -18.889001     3.010998
 H    42.083994   -18.962001     6.883998
 H    40.762994   -19.101000     8.104998
 H    41.475994   -17.477001     7.708998
 H    36.936994   -17.559000     7.712997
 H    35.327994   -17.897999     6.963996
 H    35.661994   -15.696999     8.549996
 H    35.505995   -17.035000     4.316996
 H    34.399995   -15.681000     4.789995
 H    33.451996   -16.027000     2.713995
 H    33.825996   -19.753000     1.766995
 H    35.102995   -19.139000     5.348996
 H    37.379997   -22.079001     0.146998
 H    39.939995   -22.708001     3.781999
 H    39.173995   -21.849000     5.075998
 H    33.125995   -19.416000     4.655995
 H    32.112995   -19.960000     3.261995
 H    31.771995   -17.457000     4.307994
 H    33.590997   -19.672000     0.986995
 H    32.457997   -18.394000     0.385995
 H    32.711998   -19.460000    -1.651005
 H    33.264998   -23.214000    -1.129005
 H    32.654996   -21.511000     2.277995
 H    36.904998   -25.689999    -0.037003
 H    37.294996   -25.059000     4.393997
 H    36.075995   -23.911000     4.833997
 H    31.241997   -22.133000     0.803994
 H    31.023998   -23.161000    -0.666006
 H    30.367998   -20.511000    -0.749006
 H    33.385999   -23.377000    -2.195005
 H    32.697000   -22.680000    -3.717005
 H    33.826000   -24.475000    -4.685005
 H    33.654000   -27.605000    -2.635004
 H    35.707997   -28.573998     2.839997
 H    36.646999   -29.876000    -0.242002
 H    36.849998   -29.901999     1.477998
 H    31.697999   -24.925999    -0.626006
 H    31.096000   -26.032000    -2.362006
 H    31.436000   -27.571000    -3.246005
 H    31.209001   -25.237000    -4.637006
 H    34.324001   -28.303999    -3.637004
 H    34.349002   -28.462000    -5.440004
 H    35.501002   -30.429999    -4.870003
 H    34.029002   -32.386000    -2.146004
 H    31.710001   -29.316000    -2.321005
 H    34.707000   -32.493000     2.349996
 H    31.885998   -29.355002     3.888995
 H    31.174999   -28.610002     2.496995
 H    31.836002   -30.922000    -3.633005
 H    32.258002   -32.679000    -3.602005
 H    33.011003   -31.152000    -5.727005
 H    35.327002   -33.605999    -2.596003
 H    35.697003   -34.704999    -3.986003
 H    36.212003   -36.016998    -2.047003
 H    33.568004   -36.674006     0.218990
 H    31.993002   -34.367000    -2.139004
 H    31.207000   -33.555001     2.521995
 H    30.694001   -31.429001    -1.948005
 H    29.142001   -32.046001    -1.264005
 H    29.945002   -32.918001    -2.640005
 H    32.342003   -36.057000    -2.491004
 H    32.462004   -37.620000    -1.592004
 H    34.225004   -37.072999    -3.603003
 H    34.858003   -38.100998     0.951997
 H    35.491003   -39.708998     0.410998
 H    35.023002   -39.948998     2.766997
 H    31.710002   -39.748999     3.819995
 H    31.316003   -38.799000     0.323995
 H    28.158002   -35.317001     0.305994
 H    27.885001   -34.980001     1.981993
 H    29.659003   -37.019000    -0.467006
 H    31.667004   -40.434000     0.855995
 H    31.261003   -41.451000     2.293995
 H    33.711004   -41.683999     1.103997
 H    32.480001   -40.586999     5.476996
 H    33.121002   -42.206998     5.968996
 H    31.844001   -41.410998     7.850996
 H    28.402001   -41.051000     7.490994
 H    25.128001   -36.785001     4.950991
 H    25.923999   -37.394000     8.277992
 H    25.017000   -36.453001     7.140991
 H    29.137003   -41.673001     3.751995
 H    29.323002   -42.987000     5.337995
 H    28.371002   -43.284000     6.844995
 H    31.054002   -43.809999     6.793996
 H    28.478000   -40.918999     9.169994
 H    29.001999   -41.912999    10.588995
 H    27.310999   -40.521999    11.508994
 H    24.071999   -40.643000    10.056992
 H    22.140001   -38.348001     4.917990
 H    21.821999   -37.227001     8.190990
 H    21.396000   -37.015001     6.525990
 H    25.870001   -42.909000     7.502993
 H    25.458000   -43.280000     9.473993
 H    24.100999   -42.899000    10.604992
 H    26.642999   -43.168999    11.567993
 H    23.705999   -39.912000    10.973992
 H    24.094998   -39.833999    12.740992
 H    22.371997   -38.260000    12.682991
 H    19.416998   -39.203000    10.704990
 H    21.622999   -42.082000    10.524991
 H    21.551001   -43.472000     6.035991
 H    20.654001   -42.236000     5.219991
 H    21.984000   -43.448000     8.390991
 H    20.668998   -41.683000    11.889991
 H    19.143998   -40.818000    12.325990
 H    21.375997   -40.502000    13.866991
 H    19.004998   -38.343001    10.782990
 H    19.247997   -37.354001    12.278990
 H    17.763997   -35.917001    11.227989
 H    15.095999   -37.786001     9.296989
 H    17.111998   -40.166001    11.181989
 H    16.456001   -41.128001     6.528989
 H    18.966999   -43.078001     9.918990
 H    17.377999   -43.521001    10.650989
 H    18.416998   -42.246001    11.422990
 H    15.792998   -39.244001    11.829989
 H    14.330998   -38.272002    11.402988
 H    16.231997   -37.222001    13.060989
 H    14.824998   -37.184001     8.840989
 H    14.992997   -35.575001     9.653989
 H    13.911997   -34.776002     7.773989
 H    11.498998   -37.466002     6.441988
 H    13.087998   -38.666002     9.735988
 H    12.305999   -41.152002     3.895988
 H    13.928999   -44.109001     6.859988
 H    14.071999   -43.266001     8.365988
 H    11.478997   -37.361002     9.433988
 H    10.260998   -36.775002     8.234988
 H    11.857997   -34.987002     9.547988
 H    11.348999   -37.147002     5.740988
 H    11.453998   -35.349002     5.551988
 H    10.781999   -35.765001     3.381988
 H     8.535000   -38.888002     3.300987
 H     9.478999   -38.020002     6.937988
 H     9.460000   -43.330001     3.374986
 H    10.412999   -44.115003     7.692987
 H    10.371999   -42.579003     8.489987
 H     7.957999   -37.186003     5.697987
 H     7.014999   -37.419003     4.174987
 H     8.418998   -35.109002     4.567987
 H     8.469001   -38.884002     2.344987
 H     8.507001   -37.558002     1.112987
 H     8.048002   -39.290002    -0.363013
 H     5.779002   -41.899003     1.167985
 H     6.738001   -45.177004     6.010985
 H     6.399002   -46.046003     2.663985
 H     6.581002   -46.581003     4.301985
 H     6.317000   -39.135003     3.836986
 H     5.026001   -39.142003     2.110986
 H     4.200002   -40.246003     0.942985
 H     5.621001   -38.112003     0.013986
 H     5.773002   -42.564003     0.069986
 H     5.715003   -42.267003    -1.715014
 H     5.211004   -44.555003    -1.722014
 H     2.821003   -45.618003     0.884984
 H     3.291001   -41.852003     1.547985
 H     3.286002   -47.142003     5.140985
 H     3.478999   -43.371002     7.569985
 H     3.469999   -42.059002     6.439984
 H     2.204003   -42.785004     0.027984
 H     1.316003   -44.326004    -0.293016
 H     2.878004   -43.240003    -2.245015
 H     2.913004   -47.132003     0.118985
 H     2.517005   -47.865003    -1.489016
 H     1.971004   -49.607003     0.043984
 H    -0.416997   -48.825004     2.591983
 H     0.071003   -45.621004     0.900984
 H     0.058001   -45.550004     5.695984
 H     0.166002   -42.204004     2.677984
 H    -0.765998   -42.907004     1.301983
 H     1.049002   -42.969003     1.302984
 H    -0.879997   -46.958004     0.244983
 H    -1.865996   -48.350004     0.842983
 H    -0.219996   -48.682004    -1.306017
 H    -0.472996   -50.791004     2.876983
 H    -1.062996   -52.254004     1.986983
 H    -1.614996   -52.668004     4.288983
 H    -3.892997   -50.510005     5.852982
 H    -3.438997   -48.806005     2.663982
 H    -3.276999   -44.221005     3.689982
 H    -3.276000   -44.172005     5.420982
 H    -3.367998   -46.258005     2.432982
 H    -4.348996   -50.298005     2.853982
 H    -5.368996   -51.057006     4.138982
 H    -3.755995   -52.617005     2.583982
 H    -3.962997   -52.025005     7.238982
 H    -4.666996   -53.690006     7.335982
 H    -5.079997   -52.668006     9.483982
 H    -7.272999   -49.975007     9.641981
 H    -6.590001   -44.213006     8.366981
 H    -6.562001   -45.914006    11.395981
 H    -6.520001   -44.389006    10.575981
 H    -7.045997   -50.088006     5.784981
 H    -7.893997   -51.478007     7.070981
 H    -8.836998   -51.359007     8.607981
 H    -7.283997   -53.557006     8.121981
 H    -7.200999   -50.363006    11.429981
 H    -7.698999   -51.701006    12.543981
 H    -7.976000   -49.717006    13.847981
 H   -10.276000   -47.297007    12.742979
 H    -9.827999   -43.251008     8.403978
 H    -9.518999   -42.169007    10.315978
 H    -9.441000   -42.975007    11.846979
 H   -10.435998   -49.542008     9.607980
 H   -11.082999   -49.955007    11.512979
 H   -11.864000   -48.993007    12.827979
 H   -10.281000   -51.131007    13.455980
 H   -10.050001   -46.713007    13.985979
 H    -9.968002   -47.258006    15.709979
 H   -10.142002   -44.936006    16.012979
 H   -12.758001   -43.232007    14.166977
 H   -13.173000   -46.702007    13.190978
 H   -13.628999   -45.000008     8.090977
 H   -13.899998   -46.649008     8.545977
 H   -13.725999   -47.437008    10.802978
 H   -13.638001   -46.076007    14.707977
 H   -14.197002   -44.519007    15.434977
 H   -12.463002   -46.120006    16.810978
 H   -12.454002   -42.306007    14.538977
 H   -11.771002   -42.027006    16.191977
 H   -11.840003   -39.805006    15.511977
 H   -14.890002   -38.959007    13.500976
 H   -15.241002   -42.391007    14.660976
 H   -15.979001   -41.632008     9.983976
 H   -15.816001   -45.426007    12.666977
 H   -17.325002   -44.787007    13.421976
 H   -15.765002   -44.783007    14.352976
 H   -15.564003   -40.997007    15.609976
 H   -15.957003   -39.236007    15.513976
 H   -13.971003   -40.100006    17.179976
 H   -14.616003   -38.213007    13.196976
 H   -13.491003   -37.334006    14.309977
 H   -13.602003   -35.673007    12.703976
 H   -17.073003   -35.640007    11.072976
 H   -17.064003   -38.241007    13.902976
 H   -18.750002   -38.250007     7.734976
 H   -19.900003   -42.028007     9.874975
 H   -19.370003   -41.844007    11.512975
 H   -17.260003   -36.180007    14.011976
 H   -17.650003   -34.689007    13.068976
 H   -15.372003   -34.797007    14.575976
 H   -16.924003   -35.210007    10.452976
 H   -15.574003   -34.023007    10.668976
 H   -16.085003   -33.386007     8.510976
 H   -19.849003   -33.954008     7.878975
 H   -18.966003   -34.725007    11.550976
 H   -22.220002   -37.708008     6.923976
 H   -22.542002   -39.764008    10.903976
 H   -21.608002   -38.822007    12.017976
 H   -19.348003   -32.856007    10.617976
 H   -20.010003   -32.055008     9.138976
 H   -17.454003   -31.526007     9.952976
 H   -19.816002   -33.779008     7.034975
 H   -18.655003   -32.695998     6.164980
 H   -19.915002   -33.256008     4.304975
 H   -23.572002   -33.784008     5.238975
 H   -25.727002   -37.630010     9.199973
 H   -26.589001   -38.180010     7.230973
 H   -26.149001   -37.378009     5.759973
 H   -21.632003   -32.728008     8.426975
 H   -22.376003   -31.515008     6.799975
 H   -23.543003   -31.500008     5.420975
 H   -20.931002   -30.826008     4.996975
 H   -32.309008   -40.946014    10.614023
 H   -32.902007   -42.656014    10.648023
 H   -32.004008   -42.305015     8.433023
 H   -28.584009   -41.798014     8.097021
 H   -28.855007   -41.713012    11.728021
 H   -25.979007   -38.272012    13.135019
 H   -25.451008   -37.527012    11.663018
 H   -27.471007   -40.142012    13.201020
 H   -29.019007   -43.168013    10.777022
 H   -28.306008   -43.806013     9.243022
 H   -30.907007   -44.358014     9.876023
 H   -28.979009   -42.164014     6.304022
 H   -29.524010   -43.573014     5.305022
 H   -28.033011   -42.364014     3.875021
 H   -24.675010   -42.045013     4.848020
 H   -26.057008   -43.692013     7.790020
 H   -23.220009   -39.909012     8.590019
 H   -26.427007   -42.937013    10.897020
 H   -24.701007   -43.282013    11.293020
 H   -25.632007   -44.404013    10.210020
 H   -25.812009   -44.468013     6.283020
 H   -24.633010   -44.367013     4.918020
 H   -27.260010   -44.930014     4.414021
 H   -24.501011   -41.531013     3.502019
 H   -24.938012   -42.023013     1.815020
 H   -23.254013   -40.439013     1.387019
 H   -20.138012   -40.821011     3.178017
 H   -22.141010   -43.604012     4.398018
 H   -19.947009   -40.932011     7.724017
 H   -23.405008   -44.477013     7.227019
 H   -21.830007   -45.092012     7.858018
 H   -22.335008   -45.456012     6.152019
 H   -21.416011   -43.546012     2.863018
 H   -19.972011   -42.829011     2.047017
 H   -22.366012   -42.933012     0.735018
 H   -19.735012   -39.952011     2.708017
 H   -20.082013   -39.397011     1.020017
 H   -18.508013   -37.774011     1.561017
 H   -15.641012   -39.073010     3.584016
 H   -17.803012   -42.167010     2.904016
 H   -15.289011   -39.466010     8.126016
 H   -17.100010   -43.495011     8.933017
 H   -17.721010   -44.065011     7.420017
 H   -16.578012   -41.174010     1.642016
 H   -15.095013   -40.141010     1.626016
 H   -17.189013   -39.547011    -0.027984
 H   -15.347012   -38.274010     3.812016
 H   -15.569013   -36.937010     2.611016
 H   -14.330013   -35.717009     4.140015
 H   -11.719012   -37.921008     5.842015
 H   -12.965008   -42.793008     9.006016
 H   -11.703009   -39.698007     9.955015
 H   -12.108008   -41.316007    10.422015
 H   -13.522012   -40.087010     3.196015
 H   -12.020012   -38.646009     2.947015
 H   -10.699013   -37.755008     3.799014
 H   -12.490013   -36.388009     2.252015
 H   -11.509012   -37.486008     6.439014
 H   -11.731013   -35.723008     6.096014
 H   -10.872012   -35.429008     8.217014
 H    -8.432011   -38.317007     9.000014
 H    -9.588012   -38.295007     5.539014
 H   -10.564011   -42.776008     4.508014
 H   -10.368010   -43.612008     6.012014
 H   -10.207012   -40.421008     4.256014
 H    -8.139012   -37.362007     6.179013
 H    -7.076012   -37.103007     7.617013
 H    -8.648013   -35.065007     6.692013
 H    -8.338011   -38.134007     9.811014
 H    -8.488011   -36.486007    10.545014
 H    -7.909010   -37.569007    12.505013
 H    -5.550010   -40.488006    11.779013
 H    -6.279011   -38.506006     8.794013
 H    -6.905011   -41.628006     5.337013
 H    -6.838010   -43.165006     6.131013
 H    -6.640011   -39.541006     6.483013
 H    -4.932011   -38.133006    10.027013
 H    -4.047010   -38.792005    11.457012
 H    -5.530011   -36.512006    11.708013
 H    -5.530010   -40.764006    12.882013
 H    -5.539009   -39.919006    14.483013
 H    -5.002008   -42.054006    15.253013
 H    -2.608008   -43.884005    13.055012
 H    -3.273008   -45.627005     7.429013
 H    -2.986007   -47.430005    10.386012
 H    -3.095007   -47.465005     8.658012
 H    -3.208010   -40.483005    11.292012
 H    -2.011009   -40.927005    13.011012
 H    -1.114009   -42.291005    13.786012
 H    -2.663009   -40.654005    15.318012
 H    -2.546008   -44.965005    14.017012
 H    -2.411007   -45.230005    15.803012
 H    -1.756007   -47.357005    15.037012
 H     0.664993   -47.383004    12.302012
 H    -0.001008   -43.619004    12.768012
 H     0.283993   -47.608003     7.779011
 H    -0.092009   -43.301003     6.564012
 H    -0.153009   -42.382003     8.031013
 H     1.084992   -44.902004    13.988012
 H     2.089993   -46.396003    13.836012
 H     0.459993   -46.083004    15.997012
 H     0.717994   -49.170004    12.596012
 H     1.210994   -50.330004    13.896012
 H     1.846994   -51.452003    11.886011
 H     4.131993   -49.797003     9.736011
 H     3.531993   -47.261002    12.296011
 H     3.451992   -45.780003     7.736011
 H     2.268991   -44.300003    12.337011
 H     3.776991   -43.537003    11.704010
 H     3.870992   -44.822002    12.985011
 H     4.516994   -48.691002    12.539011
 H     5.578994   -49.772002    11.555011
 H     3.978995   -50.842002    13.490011
 H     4.281994   -51.645002     8.866011
 H     5.018994   -53.246002     9.279011
 H     5.495993   -52.893002     6.941011
 H     7.612992   -50.271001     6.064010
 H     7.224993   -49.599001     9.623010
 H     6.850991   -44.928001     9.997010
 H     6.772990   -44.373001     8.358010
 H     7.072992   -47.235001    10.595010
 H     8.166993   -50.930001     8.981010
 H     9.172993   -51.223000     7.508010
 H     7.673994   -53.250001     8.564010
 H     7.668992   -51.261001     4.350010
 H     8.379993   -52.805001     3.726010
 H     8.656991   -51.210000     1.948010
 H    10.765991   -48.481999     2.473010
 H    10.769992   -49.933000     5.818009
 H    10.159990   -45.184000     5.541010
 H    10.057992   -48.269001     9.018010
 H    11.823992   -48.467000     8.708009
 H    10.665992   -49.799000     8.280009
 H    11.570992   -50.632999     4.464009
 H    12.419991   -50.036999     2.984009
 H    10.961992   -52.347999     2.886009
 H    10.596991   -48.314999     0.867010
 H    10.877990   -49.284999    -0.635990
 H    11.014990   -47.060999    -1.436990
 H    13.368989   -44.871998     0.116010
 H    13.780991   -47.916998     2.069009
 H    13.288990   -43.839999     4.547010
 H    14.308992   -48.022999     5.884009
 H    15.190991   -48.671998     4.450009
 H    13.423992   -49.027999     4.674009
 H    14.346990   -47.718998     0.477009
 H    14.968990   -46.392998    -0.582991
 H    13.403990   -48.365998    -1.642991
 H    13.074989   -44.056998    -0.687990
 H    12.667989   -44.187998    -2.446990
 H    12.689988   -41.863998    -2.271990
 H    15.458988   -40.460998    -0.268990
 H    16.131989   -44.233997    -0.102990
 H    15.592988   -39.544997     4.212009
 H    17.042989   -43.404997     5.987009
 H    17.126990   -44.542997     4.683010
 H    16.381989   -42.977997    -1.653990
 H    16.771988   -41.245997    -1.989990
 H    14.976988   -42.568997    -3.568990
 H    15.099988   -39.593998    -0.270990
 H    14.162988   -39.002998    -1.703990
 H    14.143987   -37.011998    -0.517990
 H    17.383987   -36.461997     1.373009
 H    19.506989   -40.069997     5.595009
 H    18.190989   -36.857997     5.768009
 H    18.965989   -38.165997     6.598009
 H    17.829987   -39.746997    -0.608991
 H    17.906987   -37.778997    -1.275991
 H    18.201987   -36.079997    -0.733991
 H    16.092987   -36.640997    -2.378990
 H    17.187988   -35.890997     1.868009
 H    15.856987   -34.881998     1.169010
 H    16.063988   -33.661998     3.119010
 H    19.724988   -33.818997     4.329009
 H    19.257987   -35.286997     1.024009
 H    21.726988   -39.286997     1.056007
 H    22.268988   -39.440997     2.694007
 H    20.405987   -37.448997     0.275008
 H    19.561987   -33.525997     1.355009
 H    20.003988   -32.319997     2.626009
 H    17.564987   -32.181997     1.397010
 H    19.605989   -33.522997     5.055008
 H    18.241989   -32.378998     5.384009
 H    19.106990   -32.321998     7.525009
 H    22.912990   -32.831997     7.411007
 H    21.406988   -32.512997     4.095008
 H    23.518988   -35.765996     1.440006
 H    24.514988   -36.643996     2.552006
 H    22.139987   -33.917997     2.085007
 H    21.972988   -31.092997     5.157007
 H    22.856989   -30.665997     6.675007
 H    20.198989   -30.080998     6.435009
 H    22.975990   -32.830997     8.420007
 H    22.084991   -32.008998     9.764007
 H    23.753992   -32.964998    11.070006
 H    27.101991   -32.993998     9.348005
 H    28.600989   -35.642996     4.263004
 H    29.810989   -36.587997     5.864003
 H    29.622990   -36.186997     7.538003
 H    24.601990   -31.339997     6.886006
 H    25.561990   -30.508997     8.626006
 H    26.997991   -30.727998     9.702005
 H    24.527991   -30.366998    10.801007
 H    27.677991   -33.519998    10.439005
 H    27.624992   -33.356998    12.242005
 H    29.640991   -34.539998    12.041004
 H    31.878991   -33.361999     9.366004
 H    28.772991   -31.110998     8.990005
 H    32.450990   -34.500997     5.006003
 H    29.435990   -31.949996     2.870004
 H    28.542990   -31.114996     4.097005
 H    30.273991   -31.035998    10.444005
 H    32.022991   -31.441999    10.642004
 H    30.280992   -31.961999    12.672004
 H    32.986991   -34.455999     9.994003
 H    33.856991   -34.819999    11.539003
 H    35.439991   -35.496999     9.903003
 H    36.361991   -33.076999     7.430003
 H    33.786991   -31.343999     9.358004
 H    33.473991   -31.037998     4.582004
 H    31.131991   -28.994998     7.847004
 H    32.357992   -28.862998     9.165004
 H    31.163991   -30.231998     9.160004
 H    35.437992   -31.598999     9.914004
 H    37.093991   -31.786999     9.214003
 H    36.335991   -33.337999    11.325003
 H    37.814991   -34.364999     7.000003
 H    39.334991   -34.973000     7.773002
 H    39.877990   -34.737000     5.443002
 H    39.774991   -31.527999     4.041003
 H    38.412992   -30.846999     7.352003
 H    34.910993   -27.784998     6.674005
 H    34.769992   -27.672997     4.952005
 H    36.527992   -29.166999     7.774004
 H    40.106991   -31.195000     7.046003
 H    41.281991   -30.906000     5.704002
 H    41.402991   -33.225000     7.143002
 H    40.831990   -32.442000     2.556002
 H    42.513990   -33.071000     2.326002
 H    41.931989   -31.978001     0.256002
 H    41.469990   -28.531001     0.275001
 H    41.833991   -29.132000     3.856001
 H    38.243991   -26.248000     2.516002
 H    39.604992   -28.061999     6.575002
 H    41.056993   -27.003999     6.402001
 H    41.209992   -28.804999     6.220001
 H    43.140990   -29.219000     2.720001
 H    43.606990   -28.385001     1.187001
 H    44.167990   -31.040001     1.526001
 H    41.576989   -28.761001    -1.487999
 H    42.794989   -29.306001    -2.710999
 H    41.483989   -27.704001    -3.892999
 H    41.372990   -24.397001    -2.659999
 H    43.351991   -26.025001    -0.071000
 H    39.762991   -23.218000     1.427001
 H    43.055992   -25.295001     3.700000
 H    44.400991   -25.297001     2.497000
 H    43.341991   -26.761001     2.687000
 H    43.928990   -25.677001    -1.639000
 H    43.681990   -24.404001    -2.898000
 H    44.111989   -26.998001    -3.645000
 H    40.730990   -24.115000    -3.791999
 H    40.933989   -24.538001    -5.539999
 H    39.346990   -22.826000    -5.728999
 H    40.005991   -19.781000    -3.832000
 H    43.014991   -21.931001    -2.823000
 H    38.561992   -18.616999     0.352000
 H    41.858992   -20.117000     3.006000
 H    42.957992   -20.979000     1.982000
 H    42.636991   -21.063001    -4.590000
 H    41.832991   -19.575001    -5.226000
 H    41.730990   -21.897001    -6.661000
 H    39.107991   -19.386000    -4.113999
 H    38.327991   -19.661000    -5.724999
 H    36.789992   -18.125999    -4.902999
 H    38.378994   -15.367000    -2.907999
 H    41.419995   -16.096001     2.153000
 H    38.279995   -14.741999     1.540000
 H    39.536995   -15.055000     2.689000
 H    41.333992   -17.535001    -4.118000
 H    40.177992   -16.191001    -5.173000
 H    39.162993   -14.711000    -4.962000
 H    38.333992   -16.706000    -6.635999
 H    37.694993   -15.060000    -2.545999
 H    36.210993   -15.268999    -3.559999
 H    35.178994   -14.097998    -1.854999
 H    37.636996   -11.575000    -0.323999
 H    39.009995   -13.173001    -3.296999
 H    43.442994   -14.290004    -2.203000
 H    43.574994   -13.915004    -0.517000
 H    41.439994   -13.955002    -3.473000
 H    37.945995   -11.730000    -3.298999
 H    37.193996   -10.453000    -2.265999
 H    35.610995   -12.151999    -3.708999
 H    37.265996   -11.397000     0.323001
 H    35.465996   -11.569998     0.237001
 H    35.508997   -10.803998     2.415001
 H    38.540998    -8.463000     2.875001
 H    37.989997    -9.474000    -0.590999
 H    43.305997   -10.335003    -0.935999
 H    42.252997   -10.464002    -2.305999
 H    39.894997   -10.071001    -2.194999
 H    37.198998    -8.017999     0.238001
 H    37.177999    -7.019999     1.744001
 H    34.987998    -8.502998     1.058001
 H    38.410998    -8.393000     3.770001
 H    36.908998    -8.466999     4.779001
 H    38.358999    -7.956999     6.512001
 H    41.160999    -5.667000     5.364000
 H    45.128999    -6.667001     1.081000
 H    46.263999    -6.448002     2.973000
 H    45.490999    -6.237002     4.509000
 H    38.827999    -6.310999     2.332000
 H    38.572999    -4.961999     4.005000
 H    39.476000    -4.110999     5.319000
 H    37.234999    -5.546999     5.923001
 H    41.637999    -5.638000     6.507000
 H    41.067000    -5.592999     8.224000
 H    43.313000    -5.066000     8.602000
 H    44.760000    -2.694000     6.146000
 H    41.137000    -3.243000     4.949001
 H    46.894999    -3.162000     2.167999
 H    43.523999    -3.471000    -0.783000
 H    42.060999    -3.478000     0.144000
 H    41.830000    -2.088000     6.562000
 H    43.300000    -1.188000     7.104000
 H    41.932000    -2.732000     8.885000
 H    46.026000    -2.674000     7.095000
 H    46.608000    -2.423000     8.791000
 H    48.563000    -1.908000     7.576000
 H    48.228000     0.431000     4.854000
 H    44.821000    -0.031000     6.121000
 H    45.377000     0.014000     1.358000
 H    42.069000    -1.153000     4.887000
 H    41.697000     0.395000     4.038000
 H    42.330000     0.415000     5.740000
 H    46.080000     1.023000     6.910000
 H    47.572000     1.946000     6.479000
 H    47.555000     0.369000     8.704000
 H    49.369000     1.426000     7.854000
